# transform file transforms/talairach.lta
# created by saptaf1 on Wed Aug  7 18:20:04 2024

type      = 0 # LINEAR_VOX_TO_VOX
nxforms   = 1
mean      = 128.0000 96.0000 119.0000
sigma     = 10000.0000
1 4 4
9.636919498443604e-01 3.452110290527344e-02 3.066668659448624e-02 -4.694134712219238e+00 
-3.480131551623344e-02 9.920740127563477e-01 1.345821321010590e-01 1.665335273742676e+01 
-3.301442787051201e-02 -1.211300790309906e-01 8.386027812957764e-01 2.554531478881836e+01 
0.000000000000000e+00 0.000000000000000e+00 0.000000000000000e+00 1.000000000000000e+00 
src volume info
valid = 1  # volume info valid
filename = nu.mgz
volume = 256 256 256
voxelsize = 8.984379768371582e-01 8.984379768371582e-01 8.984379768371582e-01
xras   = -9.999999403953552e-01 -1.295752394270266e-10 2.073203830832426e-09
yras   = -2.073203830832426e-09 8.292815323329705e-09 -9.999999403953552e-01
zras   = 0.000000000000000e+00 1.000000000000000e+00 8.292815323329705e-09
cras   = 3.663902282714844e+00 -1.161316680908203e+01 -8.768234252929688e-01
dst volume info
valid = 1  # volume info valid
filename = /opt/freesurfer/average/RB_all_2016-05-10.vc700.gca
volume = 256 256 256
voxelsize = 1.000000000000000e+00 1.000000000000000e+00 1.000000000000000e+00
xras   = -1.000000000000000e+00 0.000000000000000e+00 0.000000000000000e+00
yras   = 0.000000000000000e+00 0.000000000000000e+00 -1.000000000000000e+00
zras   = 0.000000000000000e+00 1.000000000000000e+00 0.000000000000000e+00
cras   = 0.000000000000000e+00 0.000000000000000e+00 0.000000000000000e+00
