type      = 1 # LINEAR_RAS_TO_RAS
nxforms   = 1
mean      = 0.0000 0.0000 0.0000
sigma     = 1.0000
1 4 4
1.110175013542175e+00 -2.866999944671988e-03 3.985900059342384e-02 -4.409835815429688e+00 
8.696000091731548e-03 9.479669928550720e-01 3.409479856491089e-01 -8.151115417480469e+00 
-3.235099837183952e-02 -2.799699902534485e-01 1.037390947341919e+00 -3.377421569824219e+01 
0.000000000000000e+00 0.000000000000000e+00 0.000000000000000e+00 1.000000000000000e+00 
src volume info
valid = 1  # volume info valid
filename = /cubric/collab/487_mvpa/poppy-effex/dataset/derivatives/freesurfer/6.0.1/output/ses-1/sub-126BPCP021002/mri/orig_nu.mgz
volume = 256 256 256
voxelsize = 8.984379768371582e-01 8.984379768371582e-01 8.984379768371582e-01
xras   = -9.999999403953552e-01 -1.295752394270266e-10 2.073203830832426e-09
yras   = -2.073203830832426e-09 8.292815323329705e-09 -9.999999403953552e-01
zras   = 0.000000000000000e+00 1.000000000000000e+00 8.292815323329705e-09
cras   = 3.663902282714844e+00 -1.161316680908203e+01 -8.768234252929688e-01
dst volume info
valid = 1  # volume info valid
filename = /opt/freesurfer/average/mni305.cor.mgz
volume = 256 256 256
voxelsize = 1.000000000000000e+00 1.000000000000000e+00 1.000000000000000e+00
xras   = -1.000000000000000e+00 0.000000000000000e+00 0.000000000000000e+00
yras   = 0.000000000000000e+00 0.000000000000000e+00 -1.000000000000000e+00
zras   = 0.000000000000000e+00 1.000000000000000e+00 0.000000000000000e+00
cras   = 0.000000000000000e+00 0.000000000000000e+00 0.000000000000000e+00
subject fsaverage
fscale 0.100000
