# transform file /cubric/collab/487_mvpa/poppy-effex/dataset/derivatives/fmriprep/20.2.7/work/fmriprep-20.2.7-126BPCP021002-1/fmriprep_wf/single_subject_126BPCP021002_wf/anat_preproc_wf/surface_recon_wf/fsnative2t1w_xfm/T1_robustreg.lta
# created by UNKNOWN on Wed Aug  7 17:54:04 2024

type      = 1 # LINEAR_RAS_TO_RAS
nxforms   = 1
mean      = 126.0000 119.0000 121.0000
sigma     = 10000.0000
1 4 4
9.999999403953552e-01 -9.251618757843971e-05 -1.833643764257431e-04 -2.558135986328125e-02 
9.243667591363192e-05 1.000000119209290e+00 -4.359930753707886e-04 -2.622985839843750e-02 
1.833997666835785e-04 4.359632730484009e-04 9.999999403953552e-01 -1.024246215820312e-01 
0.000000000000000e+00 0.000000000000000e+00 0.000000000000000e+00 1.000000000000000e+00 
src volume info
valid = 1  # volume info valid
filename = /cubric/collab/487_mvpa/poppy-effex/dataset/derivatives/freesurfer/6.0.1/output/ses-1/sub-126BPCP021002/mri/T1.mgz
volume = 256 256 256
voxelsize = 8.984379768371582e-01 8.984379768371582e-01 8.984379768371582e-01
xras   = -9.999999403953552e-01 -1.295752394270266e-10 2.073203830832426e-09
yras   = -2.073203830832426e-09 8.292815323329705e-09 -9.999999403953552e-01
zras   = 0.000000000000000e+00 1.000000000000000e+00 8.292815323329705e-09
cras   = 3.663902282714844e+00 -1.161316680908203e+01 -8.768234252929688e-01
dst volume info
valid = 1  # volume info valid
filename = /cubric/collab/487_mvpa/poppy-effex/dataset/bids/sub-126BPCP021002/ses-1/anat/sub-126BPCP021002_ses-1_acq-mprage_T1w.nii.gz
volume = 224 256 256
voxelsize = 8.999999761581421e-01 8.984379768371582e-01 8.984379768371582e-01
xras   = 9.997456073760986e-01 -1.476017176173627e-03 2.250657044351101e-02
yras   = 3.405121387913823e-03 9.962964653968811e-01 -8.591733127832413e-02
zras   = -2.229640074074268e-02 8.597210049629211e-02 9.960480332374573e-01
cras   = 3.663909912109375e+00 -1.161315155029297e+01 -8.768157958984375e-01
