type      = 1 # LINEAR_RAS_TO_RAS
nxforms   = 1
mean      = 128.0000 129.0000 131.0000
sigma     = 10000.0000
1 4 4
9.999998807907104e-01 1.337941939709708e-04 -9.917512943502516e-05 4.327341541647911e-02 
-1.338289293926209e-04 9.999996423721313e-01 -2.820115478243679e-04 5.673385038971901e-02 
9.914435941027477e-05 2.819989749696106e-04 9.999997615814209e-01 8.170057088136673e-02 
0.000000000000000e+00 0.000000000000000e+00 0.000000000000000e+00 1.000000000000000e+00 
src volume info
valid = 1  # volume info valid
filename = /cubric/collab/487_mvpa/poppy-effex/dataset/bids/sub-126BPCP021001/ses-1/anat/sub-126BPCP021001_ses-1_acq-mprage_T1w.nii.gz
volume = 224 256 256
voxelsize = 8.999999761581421e-01 8.984379768371582e-01 8.984379768371582e-01
xras   = 9.903212189674377e-01 -1.333625912666321e-01 -3.844917938113213e-02
yras   = 1.343650221824646e-01 9.906221628189087e-01 2.477530390024185e-02
zras   = 3.478451073169708e-02 -2.970171347260475e-02 9.989534020423889e-01
cras   = 2.512664794921875e+00 -1.418342590332031e+01 1.369594573974609e+01
dst volume info
valid = 1  # volume info valid
filename = /cubric/collab/487_mvpa/poppy-effex/dataset/derivatives/freesurfer/6.0.1/output/ses-1/sub-126BPCP021001/mri/T1.mgz
volume = 256 256 256
voxelsize = 8.984379768371582e-01 8.984379768371582e-01 8.984379768371582e-01
xras   = -1.000000119209290e+00 7.385788869385124e-09 0.000000000000000e+00
yras   = -2.073203830832426e-09 0.000000000000000e+00 -1.000000119209290e+00
zras   = 8.487178959626362e-09 1.000000238418579e+00 2.073203830832426e-09
cras   = 2.512680053710938e+00 -1.418342590332031e+01 1.369595336914062e+01
fscale 0.100000
