# transform file /cubric/collab/487_mvpa/poppy-effex/dataset/derivatives/fmriprep/20.2.7/work/fmriprep-20.2.7/fmriprep_wf/single_subject_126BPCP021001_wf/anat_preproc_wf/surface_recon_wf/fsnative2t1w_xfm/T1_robustreg.lta
# created by UNKNOWN on Wed Aug  7 12:37:28 2024

type      = 1 # LINEAR_RAS_TO_RAS
nxforms   = 1
mean      = 128.0000 129.0000 131.0000
sigma     = 10000.0000
1 4 4
1.000000119209290e+00 -1.338222064077854e-04 9.913742542266846e-05 -4.327392578125000e-02 
1.338010188192129e-04 1.000000238418579e+00 2.820249646902084e-04 -5.676269531250000e-02 
-9.918212890625000e-05 -2.819858491420746e-04 1.000000119209290e+00 -8.168029785156250e-02 
0.000000000000000e+00 0.000000000000000e+00 0.000000000000000e+00 1.000000000000000e+00 
src volume info
valid = 1  # volume info valid
filename = /cubric/collab/487_mvpa/poppy-effex/dataset/derivatives/freesurfer/6.0.1/output/ses-1/sub-126BPCP021001/mri/T1.mgz
volume = 256 256 256
voxelsize = 8.984379768371582e-01 8.984379768371582e-01 8.984379768371582e-01
xras   = -1.000000119209290e+00 7.385788869385124e-09 0.000000000000000e+00
yras   = -2.073203830832426e-09 0.000000000000000e+00 -1.000000119209290e+00
zras   = 8.487178959626362e-09 1.000000238418579e+00 2.073203830832426e-09
cras   = 2.512680053710938e+00 -1.418342590332031e+01 1.369595336914062e+01
dst volume info
valid = 1  # volume info valid
filename = /cubric/collab/487_mvpa/poppy-effex/dataset/bids/sub-126BPCP021001/ses-1/anat/sub-126BPCP021001_ses-1_acq-mprage_T1w.nii.gz
volume = 224 256 256
voxelsize = 8.999999761581421e-01 8.984379768371582e-01 8.984379768371582e-01
xras   = 9.903212189674377e-01 -1.333625912666321e-01 -3.844917938113213e-02
yras   = 1.343650221824646e-01 9.906221628189087e-01 2.477530390024185e-02
zras   = 3.478451073169708e-02 -2.970171347260475e-02 9.989534020423889e-01
cras   = 2.512664794921875e+00 -1.418342590332031e+01 1.369594573974609e+01
