# transform file /cubric/collab/487_mvpa/poppy-effex/dataset/derivatives/freesurfer/6.0.1/output/ses-1/sub-126BPCP021001/mri/transforms/cc_up.lta
# created by saptaf1 on Wed Aug  7 16:40:29 2024

type      = 0 # LINEAR_VOX_TO_VOX
nxforms   = 1
mean      = 130.0000 103.0000 130.0000
sigma     = 10000.0000
1 4 4
9.861503243446350e-01 -4.671162739396095e-02 1.591408252716064e-01 -1.358720493316650e+01 
4.611501842737198e-02 9.989085793495178e-01 7.441850379109383e-03 4.129158020019531e+01 
-1.593147218227386e-01 -4.656613428188905e-10 9.872279763221741e-01 2.992494773864746e+01 
0.000000000000000e+00 0.000000000000000e+00 0.000000000000000e+00 1.000000000000000e+00 
src volume info
valid = 1  # volume info valid
filename = /cubric/collab/487_mvpa/poppy-effex/dataset/derivatives/freesurfer/6.0.1/output/ses-1/sub-126BPCP021001/mri/norm.mgz
volume = 256 256 256
voxelsize = 8.984379768371582e-01 8.984379768371582e-01 8.984379768371582e-01
xras   = -1.000000119209290e+00 7.385788869385124e-09 0.000000000000000e+00
yras   = -2.073203830832426e-09 0.000000000000000e+00 -1.000000119209290e+00
zras   = 8.487178959626362e-09 1.000000238418579e+00 2.073203830832426e-09
cras   = 2.512680053710938e+00 -1.418342590332031e+01 1.369595336914062e+01
dst volume info
valid = 1  # volume info valid
filename = /cubric/collab/487_mvpa/poppy-effex/dataset/derivatives/freesurfer/6.0.1/output/ses-1/sub-126BPCP021001/mri/norm.mgz
volume = 256 256 256
voxelsize = 8.984379768371582e-01 8.984379768371582e-01 8.984379768371582e-01
xras   = -1.000000119209290e+00 7.385788869385124e-09 0.000000000000000e+00
yras   = -2.073203830832426e-09 0.000000000000000e+00 -1.000000119209290e+00
zras   = 8.487178959626362e-09 1.000000238418579e+00 2.073203830832426e-09
cras   = 2.512680053710938e+00 -1.418342590332031e+01 1.369595336914062e+01
