type      = 1 # LINEAR_RAS_TO_RAS
nxforms   = 1
mean      = 0.0000 0.0000 0.0000
sigma     = 1.0000
1 4 4
9.687979817390442e-01 -1.410019993782043e-01 -3.918699920177460e-02 -2.902924060821533e+00 
2.209289968013763e-01 9.691309928894043e-01 1.080780029296875e-01 -1.048056030273438e+01 
-2.333600074052811e-02 -2.178999930620193e-01 9.773359894752502e-01 -3.517002868652344e+01 
0.000000000000000e+00 0.000000000000000e+00 0.000000000000000e+00 1.000000000000000e+00 
src volume info
valid = 1  # volume info valid
filename = /cubric/collab/487_mvpa/poppy-effex/dataset/derivatives/freesurfer/6.0.1/output/ses-1/sub-126BPCP021001/mri/orig_nu.mgz
volume = 256 256 256
voxelsize = 8.984379768371582e-01 8.984379768371582e-01 8.984379768371582e-01
xras   = -1.000000119209290e+00 7.385788869385124e-09 0.000000000000000e+00
yras   = -2.073203830832426e-09 0.000000000000000e+00 -1.000000119209290e+00
zras   = 8.487178959626362e-09 1.000000238418579e+00 2.073203830832426e-09
cras   = 2.512680053710938e+00 -1.418342590332031e+01 1.369595336914062e+01
dst volume info
valid = 1  # volume info valid
filename = /opt/freesurfer/average/mni305.cor.mgz
volume = 256 256 256
voxelsize = 1.000000000000000e+00 1.000000000000000e+00 1.000000000000000e+00
xras   = -1.000000000000000e+00 0.000000000000000e+00 0.000000000000000e+00
yras   = 0.000000000000000e+00 0.000000000000000e+00 -1.000000000000000e+00
zras   = 0.000000000000000e+00 1.000000000000000e+00 0.000000000000000e+00
cras   = 0.000000000000000e+00 0.000000000000000e+00 0.000000000000000e+00
subject fsaverage
fscale 0.100000
