# transform file transforms/talairach.lta
# created by saptaf1 on Wed Aug  7 12:42:00 2024

type      = 0 # LINEAR_VOX_TO_VOX
nxforms   = 1
mean      = 130.0000 103.0000 130.0000
sigma     = 10000.0000
1 4 4
8.213990926742554e-01 -6.810926645994186e-02 8.224139362573624e-02 1.640578269958496e+01 
4.618858918547630e-02 8.754026889801025e-01 1.945860832929611e-01 2.233034133911133e+00 
-1.002799645066261e-01 -1.827109754085541e-01 8.403007388114929e-01 3.273976898193359e+01 
0.000000000000000e+00 0.000000000000000e+00 0.000000000000000e+00 1.000000000000000e+00 
src volume info
valid = 1  # volume info valid
filename = nu.mgz
volume = 256 256 256
voxelsize = 8.984379768371582e-01 8.984379768371582e-01 8.984379768371582e-01
xras   = -1.000000119209290e+00 7.385788869385124e-09 0.000000000000000e+00
yras   = -2.073203830832426e-09 0.000000000000000e+00 -1.000000119209290e+00
zras   = 8.487178959626362e-09 1.000000238418579e+00 2.073203830832426e-09
cras   = 2.512680053710938e+00 -1.418342590332031e+01 1.369595336914062e+01
dst volume info
valid = 1  # volume info valid
filename = /opt/freesurfer/average/RB_all_2016-05-10.vc700.gca
volume = 256 256 256
voxelsize = 1.000000000000000e+00 1.000000000000000e+00 1.000000000000000e+00
xras   = -1.000000000000000e+00 0.000000000000000e+00 0.000000000000000e+00
yras   = 0.000000000000000e+00 0.000000000000000e+00 -1.000000000000000e+00
zras   = 0.000000000000000e+00 1.000000000000000e+00 0.000000000000000e+00
cras   = 0.000000000000000e+00 0.000000000000000e+00 0.000000000000000e+00
