#Insight Transform File V1.0
#Transform 0
Transform: MatrixOffsetTransformBase_double_3_3
Parameters: 0.9999997685685685 0.00048064346665207744 0.000020319334646183573 -0.0004806446285504362 0.9999997681637011 0.000028588748093472116 -0.000020291844111383628 -0.000028608268132862547 0.999999998769838 -0.03182923763091594 -0.06240401649405669 0.04773815269337689
FixedParameters: 0 0 0
#Transform 1
Transform: MatrixOffsetTransformBase_double_3_3
Parameters: 0.9999999634246517 0.0001812415314234369 -0.00006104618226595443 -0.00018124030522567378 0.999999967050986 0.000010054382677371354 0.00006104982241907086 -0.000010032254134234586 0.9999999961723647 -0.02396595224698217 -0.03854045219767954 0.017546364845976825
FixedParameters: 0 0 0
#Transform 2
Transform: MatrixOffsetTransformBase_double_3_3
Parameters: 0.9999998443741956 0.0003915144415175282 -0.00004839267963846483 -0.00039151225450333865 0.9999998462070027 0.000022614123753234017 0.00004841037151663563 -0.000022576224532028233 0.9999999971468505 -0.023703590006746822 -0.03839973815568953 0.02186033176408131
FixedParameters: 0 0 0
#Transform 3
Transform: MatrixOffsetTransformBase_double_3_3
Parameters: 0.9999999507527355 0.00022184529844685406 0.00000563513473240268 -0.00022184928467928848 0.9999998220603934 0.0003587784380000292 -0.000005475946238273077 -0.0003587809026803501 0.9999998712469341 -0.02731341857608527 -0.07435208241024327 0.02736323182580236
FixedParameters: 0 0 0
#Transform 4
Transform: MatrixOffsetTransformBase_double_3_3
Parameters: 0.9999997668804383 0.00043426768118672195 -0.00021102248602732077 -0.00043425781909447667 0.99999981087014 0.00002345791363123073 0.00021104277931840304 -0.00002327462701670613 0.9999999549195308 -0.027324572890876198 -0.02619468814533832 0.011563176016927912
FixedParameters: 0 0 0
#Transform 5
Transform: MatrixOffsetTransformBase_double_3_3
Parameters: 0.9999999401541028 0.0001775258741585021 -0.00016831552305765496 -0.00017738631548363908 0.9999997967882923 0.00041442142596154197 0.00016846259560835547 -0.0004143616623364932 0.9999997999257123 -0.02165867095581575 -0.05804082192830151 0.02560035921805337
FixedParameters: 0 0 0
#Transform 6
Transform: MatrixOffsetTransformBase_double_3_3
Parameters: 0.999999759628916 0.0004752055634622398 -0.00012062410542715285 -0.00047529612961536884 0.9999996327913449 -0.0003759031822901937 0.00012026675300723377 0.0003760176646857849 0.9999998441460303 -0.033725443673276345 0.005288692922675864 -0.0026363205461166217
FixedParameters: 0 0 0
#Transform 7
Transform: MatrixOffsetTransformBase_double_3_3
Parameters: 0.9999998878319073 0.0000027126628825164395 0.0003349046411112791 -0.0000027782653366555804 0.9999999903997837 0.00009794036074298185 -0.000334904103072943 -0.00009794219926628767 0.9999998782463385 -0.0343984060394007 -0.049248738390076596 0.029821370079375242
FixedParameters: 0 0 0
#Transform 8
Transform: MatrixOffsetTransformBase_double_3_3
Parameters: 0.9999997402083445 0.0000701699965442483 0.0005048448332824196 -0.00006968500291227968 0.9999997644145509 -0.000480344002122407 -0.0005049120071382307 0.0004802733919093416 0.9999995143995862 -0.039342071943877954 0.018652725716080454 -0.00864538232536205
FixedParameters: 0 0 0
#Transform 9
Transform: MatrixOffsetTransformBase_double_3_3
Parameters: 0.9999997592304498 0.00009225734509366555 0.0004819321270950541 -0.00009258141097142833 0.9999998784032684 0.00033619166621759455 -0.0004818699772436985 -0.00033628073945576875 0.9999996547165318 -0.03775872855698026 -0.0665466856821979 0.024414544356716306
FixedParameters: 0 0 0
#Transform 10
Transform: MatrixOffsetTransformBase_double_3_3
Parameters: 0.999999815598354 0.00005593533079676499 0.0004257620386297553 -0.00005550012952915996 0.9999997357218535 -0.0005110761444596934 -0.00042581898830647974 0.0005110286957765164 0.9999995575261892 -0.035020831036348454 0.025179266178156468 -0.031508376058781096
FixedParameters: 0 0 0
#Transform 11
Transform: MatrixOffsetTransformBase_double_3_3
Parameters: 0.9999998533086671 0.000016056242201410373 0.0003826668943401543 -0.00001608159381335378 0.9999999986445383 0.00003311788477455835 -0.000382665829607394 -0.00003313018250816757 0.9999998524688385 -0.03320336800872781 -0.041935621261245615 0.017603712143305472
FixedParameters: 0 0 0
#Transform 12
Transform: MatrixOffsetTransformBase_double_3_3
Parameters: 0.9999997479526652 0.00004389606982728271 0.000500120952980472 -0.00004385695832982185 0.9999999965459208 -0.000039124875048396346 -0.0005001243842326919 0.00003908098804691895 0.9999997483475426 -0.04024173710277523 -0.00014924443701147538 -0.027262341492885867
FixedParameters: 0 0 0
#Transform 13
Transform: MatrixOffsetTransformBase_double_3_3
Parameters: 0.9999999690958308 -0.00003791465769233636 0.00017165920344952568 0.00003783464889300578 0.9999999442604502 0.0002330399414106621 -0.00017167685522389425 -0.00023302693713997402 0.9999999162257334 -0.027582992159139508 -0.0601589980314543 -0.009210527420542292
FixedParameters: 0 0 0
#Transform 14
Transform: MatrixOffsetTransformBase_double_3_3
Parameters: 1.0000000465390158 -0.00008761149725772244 0.00003693282568797279 0.00008776328239526454 0.9999995983468687 0.0006293575401390139 -0.00003606951217872967 -0.0006293522461639223 0.999999544896334 -0.013191824575926603 -0.04198354734838006 0.007939960209995434
FixedParameters: 0 0 0
#Transform 15
Transform: MatrixOffsetTransformBase_double_3_3
Parameters: 0.9999997829334658 0.00045728941573785 -0.0000891762606009261 -0.00045729316906244905 0.9999997904421436 -0.000021004182243794522 0.0000891570123153218 0.0000210857318659885 0.9999999916064852 -0.024333915515072135 0.0018218338420439295 0.00453088095154186
FixedParameters: 0 0 0
#Transform 16
Transform: MatrixOffsetTransformBase_double_3_3
Parameters: 0.9999999884530285 0.00008403343219851207 -0.00006697168397592351 -0.00008397190887696887 0.999999782211621 0.0004590601788749815 0.00006704880778181377 -0.00045904892025164235 0.9999997847794493 -0.02237008597197132 -0.04727221106595891 0.024401352076111493
FixedParameters: 0 0 0
#Transform 17
Transform: MatrixOffsetTransformBase_double_3_3
Parameters: 0.9999999867846334 0.00011495009638757582 0.0000013234552754468054 -0.00011494998955295307 0.9999999851639324 -0.00004028319346838227 -0.0000013327165994184154 0.00004028288794419299 0.9999999983754347 -0.009746455065013038 -0.010829492684734987 0.002944989290277533
FixedParameters: 0 0 0
#Transform 18
Transform: MatrixOffsetTransformBase_double_3_3
Parameters: 0.9999999911006291 -0.00009039665326623231 0.000026980001446769153 0.00009036187658647242 0.9999995782279485 0.0006431215399057277 -0.0000270962500584504 -0.0006431166514282716 0.9999995856677797 -0.020896195264796802 -0.05812525360497034 0.023897525702849975
FixedParameters: 0 0 0
#Transform 19
Transform: MatrixOffsetTransformBase_double_3_3
Parameters: 0.999999996361608 -0.00004947397001658915 0.00003450795796955397 0.00004947739522832492 0.999999995088684 -0.00004963222342604934 -0.000034503046552128436 0.00004963563780405189 0.999999996345708 -0.001317510050284909 0.0214759781501499 -0.026055491020912314
FixedParameters: 0 0 0
#Transform 20
Transform: MatrixOffsetTransformBase_double_3_3
Parameters: 0.9999999953863401 -0.00005955819387431019 0.000032658350792635904 0.00005955028510300567 0.9999999817977623 0.00012106082783863714 -0.00003267276970542188 -0.00012105693681283003 0.9999999842778983 0.0009708982953640088 -0.0035712252938964184 -0.0033759654428919816
FixedParameters: 0 0 0
#Transform 21
Transform: MatrixOffsetTransformBase_double_3_3
Parameters: 0.9999999541059132 -0.00005234107623982957 0.00020773730123816586 0.00005208624347667612 0.9999996211850838 0.0006132704079434004 -0.0002078013416184077 -0.0006132487099835549 0.9999995807453596 -0.01788394343165578 -0.09086964147107324 0.012663631741361314
FixedParameters: 0 0 0
#Transform 22
Transform: MatrixOffsetTransformBase_double_3_3
Parameters: 0.9999999995697199 0.000005298493950218336 0.000020055567744696468 -0.000005302653862603382 0.9999999892150119 0.00010371440540105081 -0.000020054468168356765 -0.00010371461784045022 0.999999988841269 -0.0007223841241881246 0.019992719213533405 -0.019944053882731794
FixedParameters: 0 0 0
#Transform 23
Transform: MatrixOffsetTransformBase_double_3_3
Parameters: 0.9999998096341204 0.00002223199016237326 0.000435743139904278 -0.00002232977394894982 0.9999999869137906 0.00011219356583797024 -0.00043573813965014363 -0.0001122129827217655 0.9999997975401721 -0.027940257520384648 -0.03099774746759465 -0.019509817085761938
FixedParameters: 0 0 0
#Transform 24
Transform: MatrixOffsetTransformBase_double_3_3
Parameters: 0.9999999769422121 0.00000778001656597839 0.00015164904637175736 -0.000007586184637078594 0.9999995915403357 -0.0006390642885417686 -0.0001516588667940938 0.0006390619573395651 0.9999995685978248 -0.01945617065662475 0.03203765272692749 -0.0657473442410037
FixedParameters: 0 0 0
#Transform 25
Transform: MatrixOffsetTransformBase_double_3_3
Parameters: 0.9999998109670581 0.000015404274350344638 0.0004345067553671242 -0.00001560153652915494 0.9999999482317481 0.00022698992070194213 -0.0004344997167687603 -0.00022700339215755982 0.99999975967931 -0.026893748214206425 -0.058461649612794986 -0.006880169808333392
FixedParameters: 0 0 0
#Transform 26
Transform: MatrixOffsetTransformBase_double_3_3
Parameters: 0.9999999984938712 -0.000013656008519963292 0.000036327625694762555 0.000013704864937690714 0.999999547391498 -0.0006726230280635348 -0.00003630922261205899 0.000672624020794238 0.9999995462570428 0.00017654268121702898 0.03517551450647716 -0.05352886766116427
FixedParameters: 0 0 0
#Transform 27
Transform: MatrixOffsetTransformBase_double_3_3
Parameters: 0.9999999269023372 0.00001033656523995348 0.0002701687004784403 -0.000010193936027904846 0.9999999302191298 -0.00026396487869670415 -0.00027017411984158607 0.0002639593317453892 0.9999998573305735 -0.010437818178743896 -0.020936155435805404 -0.00867180773053633
FixedParameters: 0 0 0
#Transform 28
Transform: MatrixOffsetTransformBase_double_3_3
Parameters: 0.9999999985357106 -0.000009291251342960147 0.00003712160817382487 0.000009346661891276517 0.9999994426662171 -0.0007464901337429775 -0.0000371076957009428 0.0007464908243930701 0.9999994413726968 0.010125917631668813 0.03550833758423266 -0.04981366282813582
FixedParameters: 0 0 0
#Transform 29
Transform: MatrixOffsetTransformBase_double_3_3
Parameters: 0.9999999963257264 -0.000053169417104145106 0.000029109516211427156 0.00005316963992394244 0.999999997158317 -0.000003825870061868741 -0.000029109109094448138 0.000003828965599611545 0.9999999991379566 0.008092115680994993 -0.03891521701967804 0.0037595088318340686
FixedParameters: 0 0 0
#Transform 30
Transform: MatrixOffsetTransformBase_double_3_3
Parameters: 0.999999995712264 -0.00003378203984944969 -0.00005609340558287296 0.000033709341177957236 0.9999995792743043 -0.0006477579795166333 0.00005613712307055846 0.0006477541912325024 0.9999995772617916 0.013451816616537826 0.04318394090353195 -0.04929268648985641
FixedParameters: 0 0 0
#Transform 31
Transform: MatrixOffsetTransformBase_double_3_3
Parameters: 0.9999999965456251 -0.00005081067858032917 0.0000295419316407447 0.00005081326357543256 0.9999999955036367 -0.00004375406062462339 -0.00002953748495121422 0.00004375706258419321 0.9999999972127382 0.003896178775420367 -0.023848646252488948 0.0007498737604905159
FixedParameters: 0 0 0
#Transform 32
Transform: MatrixOffsetTransformBase_double_3_3
Parameters: 0.9999999697849119 -0.00006861074950288877 -0.00015971072757362675 0.00006848184574453735 0.9999998325031033 -0.0004034945046285099 0.00015976604191496324 0.00040347260501738536 0.9999998116840589 0.01698107669260196 0.03293117425556602 -0.03928599307020164
FixedParameters: 0 0 0
#Transform 33
Transform: MatrixOffsetTransformBase_double_3_3
Parameters: 0.9999999339958584 -0.0002491010962637312 0.00006287332889570729 0.00024907121347107417 0.9999998815858623 0.00023743842564089013 -0.00006299160565488571 -0.00023740707371755487 0.9999999396703098 0.010527012979551387 -0.04375938240930566 0.0018863988902566575
FixedParameters: 0 0 0
#Transform 34
Transform: MatrixOffsetTransformBase_double_3_3
Parameters: 0.9999999681269589 -0.0001681141919817209 0.00006009047072632473 0.0001681564411582879 0.9999998479003145 -0.00035188578526149095 -0.00005997213838926374 0.00035190597174483695 0.999999872564775 0.0062412162028948615 0.0418364419175532 -0.03998422370186461
FixedParameters: 0 0 0
#Transform 35
Transform: MatrixOffsetTransformBase_double_3_3
Parameters: 0.9999999195775872 -0.00027391244395951093 0.00007344852601253588 0.0002739135262573404 0.9999999249171915 -0.000007346979587985469 -0.0000734444895729991 0.000007387215869819608 0.9999999945512342 0.011324811519813238 -0.018591654097647847 0.0075028644740058326
FixedParameters: 0 0 0
#Transform 36
Transform: MatrixOffsetTransformBase_double_3_3
Parameters: 0.9999998077020078 -0.00043496175554086185 0.000055737243459259844 0.00043503607954710304 0.9999993615475596 -0.0006702212800404617 -0.000055154130721962735 0.0006702695172469131 0.9999995476952553 0.013552506075612314 0.046793451683939224 -0.04139760142076909
FixedParameters: 0 0 0
#Transform 37
Transform: MatrixOffsetTransformBase_double_3_3
Parameters: 0.999999762555337 -0.0004161276056413501 0.0002535410379630246 0.0004162788138815897 0.9999997377684687 -0.00029823420956276436 -0.0002532926973313823 0.0002984451557060952 0.9999998467724077 0.009528105777334872 -0.015656028865493 -0.006065534861562583
FixedParameters: 0 0 0
#Transform 38
Transform: MatrixOffsetTransformBase_double_3_3
Parameters: 0.9999997235865623 -0.0003709332143638361 0.00037428281276392916 0.00037137863883366165 0.9999992297000891 -0.0006628623105452147 -0.0003737583624948207 0.0006622193708842039 0.9999996134959787 0.0028016239488124484 0.04609078167477776 -0.04170811949695974
FixedParameters: 0 0 0
#Transform 39
Transform: MatrixOffsetTransformBase_double_3_3
Parameters: 0.9999998075940457 -0.000422341902010152 0.00011846397739964654 0.00042249998727637503 0.9999993742322029 -0.0006687765663445366 -0.00011789892407623737 0.0006688764106336509 0.99999953870257 0.011617733744060388 0.03855414400092627 -0.03985486993820331
FixedParameters: 0 0 0
#Transform 40
Transform: MatrixOffsetTransformBase_double_3_3
Parameters: 0.9999998075940457 -0.000422341902010152 0.00011846397739964654 0.00042249998727637503 0.9999993742322029 -0.0006687765663445366 -0.00011789892407623737 0.0006688764106336509 0.99999953870257 0.00735868621157465 0.021610140280728274 -0.03620499208437167
FixedParameters: 0 0 0
#Transform 41
Transform: MatrixOffsetTransformBase_double_3_3
Parameters: 0.9999997786273739 -0.0003940025970673028 0.00025961026262730225 0.0003942973950265827 0.9999992086586323 -0.0006654928931338899 -0.0002590532984479352 0.0006647767446665842 0.9999996826906474 0.007302174827060526 0.04423909504541257 -0.03187563174000019
FixedParameters: 0 0 0
#Transform 42
Transform: MatrixOffsetTransformBase_double_3_3
Parameters: 0.9999995950168272 -0.00039180203763956693 0.0005014729146517669 0.000391649991912834 0.9999998235733306 0.0001517772109804194 -0.0005015916698188072 -0.0001513842832222556 0.9999997254882085 -0.003952710492583833 -0.02437610461497286 0.010323008679840484
FixedParameters: 0 0 0
#Transform 43
Transform: MatrixOffsetTransformBase_double_3_3
Parameters: 0.9999997903929714 -0.00039708185166663357 0.00022788939700615907 0.0003974110833670219 0.9999993190863357 -0.000723172651679066 -0.0002273147688950164 0.0007233534796186325 0.9999994250857669 0.007176631135692446 0.059371195411060285 -0.04916656763190019
FixedParameters: 0 0 0
#Transform 44
Transform: MatrixOffsetTransformBase_double_3_3
Parameters: 0.9999995271754436 -0.00045316923834689063 0.0004613190962526603 0.0004534551204503842 0.9999992643805177 -0.0005785409764265392 -0.0004617358511696465 0.0005780399375546474 0.999999702605631 0.003519271615573416 0.010022466777911632 -0.026257628551626055
FixedParameters: 0 0 0
#Transform 45
Transform: MatrixOffsetTransformBase_double_3_3
Parameters: 0.9999992928428459 -0.0006810481088846965 0.0004932861857812609 0.0006812070373815159 0.9999995101024739 -0.00016079184847056505 -0.0004930666870713307 0.00016146368206410022 0.999999730813755 0.007874787064196198 0.013771385015175497 -0.02175185978696703
FixedParameters: 0 0 0
#Transform 46
Transform: MatrixOffsetTransformBase_double_3_3
Parameters: 0.9999996359196694 -0.0005589036191246712 0.00022852971100183195 0.0005592843205838374 0.999999783082905 -0.0009302350136115578 -0.00022748089128635934 0.0009301046683200531 0.9999991214197868 0.010786196648439272 0.0809913562977016 -0.05876143796711375
FixedParameters: 0 0 0
#Transform 47
Transform: MatrixOffsetTransformBase_double_3_3
Parameters: 0.9999993020548488 -0.0005151125004039508 0.0006146775863947115 0.0005152037533992238 0.9999994628706913 -0.00027588386217292094 -0.0006153345327203699 0.000275598042681513 0.9999997957680591 0.0013468345652114522 -0.0025951964290840124 -0.009104733109168706
FixedParameters: 0 0 0
#Transform 48
Transform: MatrixOffsetTransformBase_double_3_3
Parameters: 0.9999999184578275 -0.0007975275231708445 0.0006656609251409276 0.0007975459606192389 0.9999991692131994 -0.0000353370048003232 -0.0006656894749553846 0.000035476958909153034 0.9999997514457093 0.006792299584063244 0.005049428455379257 -0.0058579462901633406
FixedParameters: 0 0 0
#Transform 49
Transform: MatrixOffsetTransformBase_double_3_3
Parameters: 0.9999991877967275 -0.0008290874425021608 0.0002639983435686055 0.000829323421310221 0.9999994527684293 -0.0009046332729588102 -0.0002634630154412093 0.0009046864577514913 0.9999992083437498 0.03181465145135576 0.10393499667250694 -0.07916775515298724
FixedParameters: 0 0 0
#Transform 50
Transform: MatrixOffsetTransformBase_double_3_3
Parameters: 0.9999996184109066 -0.0005801109606022748 0.0002122756182267732 0.0005802426592408112 0.9999995670028711 -0.0003103474212451107 -0.00021191536155309998 0.0003105935275232452 0.9999998586226788 0.024918822157829368 0.015211533933708665 -0.024172504943457795
FixedParameters: 0 0 0
#Transform 51
Transform: MatrixOffsetTransformBase_double_3_3
Parameters: 0.9999999042408595 -0.0008080770202034803 0.0006636140202864252 0.0008078607704752241 0.9999991337589911 0.00014135024263481344 -0.0006639273383259939 -0.00014119947691534906 0.9999997352730298 0.02050367371798245 0.0035802212792077626 -0.02266763622913004
FixedParameters: 0 0 0
#Transform 52
Transform: MatrixOffsetTransformBase_double_3_3
Parameters: 0.9999992155715834 -0.0008567665991236293 0.0002256352542852058 0.0008569730910344599 0.9999999185473459 -0.0005550771627843565 -0.00022467528028343592 0.0005550777230486081 0.9999996798171861 0.044702466052839895 0.066726638294341 -0.05741338061648804
FixedParameters: 0 0 0
#Transform 53
Transform: MatrixOffsetTransformBase_double_3_3
Parameters: 0.9999990955182546 -0.000841388224969427 0.0004433373255380499 0.0008414351405478648 0.9999992892249352 -0.00005254418527092519 -0.00044324827340824074 0.000053290170705988515 0.9999998006904564 0.030618761667028593 0.011802775394926357 -0.010417419023994512
FixedParameters: 0 0 0
#Transform 54
Transform: MatrixOffsetTransformBase_double_3_3
Parameters: 0.999999880238741 -0.0009755408952024126 0.0004061557095025453 0.0009759547064574318 0.9999997204303807 -0.0005369064989342309 -0.0004052164933439281 0.0005373116281606194 0.999999589029209 0.039088647358568096 0.05853984074336438 -0.04677197611783157
FixedParameters: 0 0 0
#Transform 55
Transform: MatrixOffsetTransformBase_double_3_3
Parameters: 0.9999991882800852 -0.0008640343271436937 0.00025527423057788295 0.0008641984245354208 0.9999991497698716 -0.0003215437868123172 -0.0002547181452404526 0.00032198448072601193 0.9999998314437183 0.036967144197021184 0.01222167656618467 -0.0021860065733179113
FixedParameters: 0 0 0
#Transform 56
Transform: MatrixOffsetTransformBase_double_3_3
Parameters: 0.9999991685804339 -0.0008908461208240962 0.0001944556708841777 0.0008908719892592679 0.9999992019421033 -0.00006636092673706351 -0.00019433712402434217 0.00006670728772525947 0.99999995778286 0.03951558580260439 0.01847184143068148 -0.01112609509721807
FixedParameters: 0 0 0
#Transform 57
Transform: MatrixOffsetTransformBase_double_3_3
Parameters: 0.9999991832589635 -0.0008488785034841077 0.00020270183041622147 0.000848951325227552 0.9999996370940202 -0.0007752679960567055 -0.00020235056141887364 0.0007752276620042464 0.9999994542816523 0.03765646320442784 0.0721133173317412 -0.023025786742863374
FixedParameters: 0 0 0
#Transform 58
Transform: MatrixOffsetTransformBase_double_3_3
Parameters: 0.9999991656533691 -0.0008925609876369277 0.0001941179100373655 0.0008925755779156542 0.9999992019078268 -0.000037412992763746766 -0.00019405081166986443 0.00003775946130515906 0.999999960918201 0.03798907845536803 -0.013186891465124972 0.011506988095462134
FixedParameters: 0 0 0
#Transform 59
Transform: MatrixOffsetTransformBase_double_3_3
Parameters: 0.9999996884953899 -0.0011173780571669765 0.00024468863046021166 0.0011174884216696886 0.9999996390554422 -0.00027063654191566977 -0.00024419256502174885 0.0002707962688661969 0.9999999090588254 0.04141404462019693 0.033284851198644105 -0.005153878632050635
FixedParameters: 0 0 0
#Transform 60
Transform: MatrixOffsetTransformBase_double_3_3
Parameters: 0.9999995944141545 -0.001130827133819524 0.00026687292729187656 0.0011312078396027523 0.9999985376491362 -0.0010864481802547177 -0.0002653883439885721 0.0010870512860651493 0.9999998058315989 0.05060888125350971 0.1018000142471891 -0.0512172398165589
FixedParameters: 0 0 0
#Transform 61
Transform: MatrixOffsetTransformBase_double_3_3
Parameters: 0.9999995716353238 -0.0011007144325111354 0.00046224449436221837 0.0011007655197957655 0.9999997431229095 -0.00007872958529706042 -0.0004621794277015201 0.00007936057117419182 0.9999998222094428 0.034306461757779516 -0.005733983840642054 0.005884791018004876
FixedParameters: 0 0 0
#Transform 62
Transform: MatrixOffsetTransformBase_double_3_3
Parameters: 0.9999998809056296 -0.0010330235975189294 0.00022104107371835602 0.0010329960788338852 0.9999998937338035 0.000012552206942767485 -0.0002211758840155731 -0.00001248195748207448 0.9999999930523774 0.0425493466915583 0.029158045422732926 0.0009948715410104114
FixedParameters: 0 0 0
#Transform 63
Transform: MatrixOffsetTransformBase_double_3_3
Parameters: 0.9999996821056004 -0.001119217835199235 0.00009233462325894393 0.0011192791459860955 0.9999986379306828 -0.0011399676347398358 -0.0000907878687786065 0.0011410942832775772 0.9999995561381329 0.06149200859246662 0.1111411511860041 -0.05881118812788344
FixedParameters: 0 0 0
#Transform 64
Transform: MatrixOffsetTransformBase_double_3_3
Parameters: 0.9999993149320587 -0.0010066660055515313 0.0008203688940763704 0.0010078327401372173 0.9999992407353725 -0.0007420155365794601 -0.0008188407277986143 0.0007427460509514816 0.9999999694660562 0.013178368904021909 0.04494858904395471 -0.0019674636089632713
FixedParameters: 0 0 0
#Transform 65
Transform: MatrixOffsetTransformBase_double_3_3
Parameters: 0.999998595577711 -0.001114024277216144 0.0010783471921028479 0.0011144658529095644 0.9999992638854016 -0.00026145456528312017 -0.0010778080217774058 0.00026162932787057724 0.9999991961399036 0.004678945982050209 0.010884497983198571 -0.006439838380487117
FixedParameters: 0 0 0
#Transform 66
Transform: MatrixOffsetTransformBase_double_3_3
Parameters: 0.9999987400594524 -0.0010977754614248 0.0009954268158363228 0.001098469062401559 0.9999980448697261 -0.0015778567502810759 -0.0009934766288705113 0.0015788569300761446 0.9999978430241695 0.016482179656975404 0.14242737307006337 -0.053970632220917025
FixedParameters: 0 0 0
#Transform 67
Transform: MatrixOffsetTransformBase_double_3_3
Parameters: 0.9999989230120698 -0.0012987653404692052 0.0011538435167760541 0.0013003752910793372 0.999998481722777 -0.0007950767231961475 -0.00115283301035541 0.0007971536758310804 0.9999992895152101 0.013715904590128503 0.04102281230795768 0.006849431612671708
FixedParameters: 0 0 0
#Transform 68
Transform: MatrixOffsetTransformBase_double_3_3
Parameters: 0.9999987880327725 -0.0010876411476316572 0.001432260263819353 0.001087222907513983 0.9999993701247958 -0.00022241973920039682 -0.0014316325994956358 0.00022375149151279694 0.9999992763502459 -0.006297339317228534 0.018055149402343318 0.02538615915272402
FixedParameters: 0 0 0
#Transform 69
Transform: MatrixOffsetTransformBase_double_3_3
Parameters: 0.9999981749452964 -0.0010598476310096899 0.0012795693041466952 0.001060562344203167 0.9999990915957737 -0.0012346813858439831 -0.0012784659267191661 0.0012362095496752101 0.9999981609591625 0.008126004494442896 0.1074321062178143 -0.035588279629131137
FixedParameters: 0 0 0
#Transform 70
Transform: MatrixOffsetTransformBase_double_3_3
Parameters: 0.9999981553120805 -0.0010922805296815288 0.0012732385243981667 0.0010927809381964873 0.9999989193999198 -0.0006974506712247031 -0.0012724269937469113 0.0006984517309867322 0.9999993235580797 -0.007757819010777212 0.04318989371624582 -0.0023478486011256905
FixedParameters: 0 0 0
#Transform 71
Transform: MatrixOffsetTransformBase_double_3_3
Parameters: 0.9999988149303538 -0.0010764509490783693 0.0014108923492572936 0.0010766278637008297 0.9999993951648247 -0.0004885619602297275 -0.0014107019343688396 0.0004907386710623074 0.9999990118158102 -0.014571814409151784 0.026085723750512102 0.0005930640078943838
FixedParameters: 0 0 0
#Transform 72
Transform: MatrixOffsetTransformBase_double_3_3
Parameters: 0.9999983530768234 -0.0009833604742548862 0.001272718116478111 0.000984936669685228 0.9999980837832246 -0.0015917878728753665 -0.001270958914193994 0.0015925733360326877 0.999998320808679 -0.009473998551129625 0.13343054608513683 -0.05917286046272352
FixedParameters: 0 0 0
#Transform 73
Transform: MatrixOffsetTransformBase_double_3_3
Parameters: 0.9999984471483802 -0.0007779573674927698 0.0013844419631355784 0.0007795649216812833 0.9999989081792193 -0.0010416912272688816 -0.0013835327495085106 0.0010420666593730366 0.9999984298611543 -0.026632751573401947 0.04119276533201344 0.00027878287712468364
FixedParameters: 0 0 0
#Transform 74
Transform: MatrixOffsetTransformBase_double_3_3
Parameters: 0.9999982605887998 -0.0007440258863745212 0.0014793502591381666 0.0007439104964401186 1.000000059317815 0.000005257733321467617 -0.0014792925368284845 -0.000004897754792981823 0.9999991962789889 -0.03132386688272959 0.009247646036428137 0.01841389628753376
FixedParameters: 0 0 0
#Transform 75
Transform: MatrixOffsetTransformBase_double_3_3
Parameters: 0.9999989550707967 -0.0008531883955284272 0.001133580874857279 0.0008544494433148728 0.9999988600031009 -0.0010970659038280206 -0.0011324527390077221 0.001098141106492756 0.9999987499849453 -0.00824196973704261 0.10324324086656134 -0.04271773127219092
FixedParameters: 0 0 0
#Transform 76
Transform: MatrixOffsetTransformBase_double_3_3
Parameters: 0.9999981307233071 -0.001106014257576296 0.0012705201136322952 0.0011059818982337103 0.9999993497405509 -0.00046888683001075626 -0.0012702269548342734 0.00047083731470878853 0.9999994038283693 -0.009403135868680579 0.015341036395724927 0.008043910461047687
FixedParameters: 0 0 0
#Transform 77
Transform: MatrixOffsetTransformBase_double_3_3
Parameters: 0.9999984840411298 -0.001050305821436958 0.0015600705394918993 0.001050610121738035 0.9999995157960273 -0.0004191799331254298 -0.0015590774950759584 0.000421594513564133 0.9999985752385857 -0.019189327790400057 0.021956720974500854 0.007050414327324006
FixedParameters: 0 0 0
#Transform 78
Transform: MatrixOffsetTransformBase_double_3_3
Parameters: 0.9999981859116144 -0.0010530414245010708 0.0012808955526993626 0.0010540479545726907 0.9999988142418603 -0.0013474851109067099 -0.001279570958754396 0.0013489987993070274 0.9999978664155886 -0.012823059802471448 0.11486519680084939 -0.028997040120437134
FixedParameters: 0 0 0
#Transform 79
Transform: MatrixOffsetTransformBase_double_3_3
Parameters: 0.9999983881571463 -0.0011470696704046265 0.0011230545207568318 0.0011464403889552138 0.9999993637958737 -0.00027483410553552634 -0.0011232777870399946 0.0002761639551894235 0.9999989431445354 -0.0041713390978799225 0.01190736352801025 0.012757256122263527
FixedParameters: 0 0 0
#Transform 80
Transform: MatrixOffsetTransformBase_double_3_3
Parameters: 0.9999980986484003 -0.0011245586024087421 0.0012668690073707259 0.0011237440223506746 0.9999995036472602 -0.00016142113144246295 -0.0012672500230043252 0.00016341028864128027 0.9999996066298042 -0.010244705108050312 0.02052247747010938 -0.004885414127087984
FixedParameters: 0 0 0
#Transform 81
Transform: MatrixOffsetTransformBase_double_3_3
Parameters: 0.9999989881745206 -0.0009787113780753368 0.0010110398918615829 0.0009799714659383535 0.9999983203507959 -0.00123000187723743 -0.0010093757839267081 0.0012311209747252472 0.999998703643221 -0.0002581372560257478 0.10158588273934299 -0.02379155437373015
FixedParameters: 0 0 0
#Transform 82
Transform: MatrixOffsetTransformBase_double_3_3
Parameters: 0.9999986533273295 -0.0009252521827232928 0.0012214346384966587 0.0009250401900515234 0.9999999461326273 0.00006690456422631108 -0.001221524552185868 -0.0000655650463635693 0.9999996959485081 -0.011236044724441285 0.002904690471837057 0.04479265069900862
FixedParameters: 0 0 0
#Transform 83
Transform: MatrixOffsetTransformBase_double_3_3
Parameters: 0.9999983317748452 -0.001153627092408632 0.001155638345848392 0.001153666204156592 0.9999994341953821 -0.00004746724214957365 -0.001155603568079526 0.000048826457989231686 0.9999988966667692 -0.004652355273123021 0.04042083194825352 0.030215010271554377
FixedParameters: 0 0 0
#Transform 84
Transform: MatrixOffsetTransformBase_double_3_3
Parameters: 0.9999981592610455 -0.0010899320124470278 0.0012736989548419106 0.001090532141880287 0.9999988685594567 -0.0007363829916902931 -0.0012728057475601268 0.0007373791148296838 0.9999992666316787 -0.012161859666676378 0.10117469191322925 -0.020739035129047068
FixedParameters: 0 0 0
#Transform 85
Transform: MatrixOffsetTransformBase_double_3_3
Parameters: 0.9999985587499558 -0.0010937997924530506 0.0014979118827919552 0.0010933887493100453 0.9999994047078113 0.0001115796559812976 -0.001498206748375544 -0.00011014554220281636 0.9999991316988259 -0.019618996318101267 -0.013453516621453332 0.0457800841282463
FixedParameters: 0 0 0
#Transform 86
Transform: MatrixOffsetTransformBase_double_3_3
Parameters: 0.9999980597565368 -0.0011654877267304135 0.0012587889010285958 0.0011640881442617004 0.9999989900219912 0.0005163714340699344 -0.0012599252779568124 -0.0005152788195311453 0.9999995326415132 -0.014920555012579939 0.001866872606058223 0.043802798921859676
FixedParameters: 0 0 0
#Transform 87
Transform: MatrixOffsetTransformBase_double_3_3
Parameters: 0.9999987883138232 -0.0010453321140930193 0.001443327946473602 0.0010467598845682845 0.9999988674153388 -0.0009111879192532091 -0.0014422832387919124 0.0009133455553323455 0.9999983279996818 -0.017592423879577268 0.11520938536128256 -0.016506477110667106
FixedParameters: 0 0 0
#Transform 88
Transform: MatrixOffsetTransformBase_double_3_3
Parameters: 0.9999986486006357 -0.001082093884163587 0.0014841962982254167 0.0010814464448355258 0.9999994131186306 -0.00013732537677765833 -0.0014837551611660421 0.00013875348226732864 0.9999991553487977 -0.024155128140279203 0.011132085813954973 0.03064181765768126
FixedParameters: 0 0 0
#Transform 89
Transform: MatrixOffsetTransformBase_double_3_3
Parameters: 0.9999987347411611 -0.0011091625684491128 0.0014261524775663892 0.001108723641355393 0.9999993672621857 0.00012687410905332097 -0.0014264847932160193 -0.0001255531217290995 0.99999933785709 -0.024177133990889388 0.011558350060838052 0.03196802952717093
FixedParameters: 0 0 0
#Transform 90
Transform: MatrixOffsetTransformBase_double_3_3
Parameters: 0.9999989737023696 -0.0010482144289358196 0.0013844085151137261 0.0010489390121370557 0.9999983478078027 -0.0010682441558780564 -0.0013828033347962967 0.0010694242517087782 0.9999983659138537 -0.020643801802066264 0.12113757062346053 -0.03923943040965838
FixedParameters: 0 0 0
#Transform 91
Transform: MatrixOffsetTransformBase_double_3_3
Parameters: 0.9999986508682694 -0.0011133725773238637 0.0014714608500416004 0.0011124441461608427 0.9999992498571997 0.0003565935549374455 -0.0014713316705336557 -0.00035516202922847295 0.999999038830474 -0.016281619548138337 0.00711015953606875 0.05060326163425799
FixedParameters: 0 0 0
#Transform 92
Transform: MatrixOffsetTransformBase_double_3_3
Parameters: 0.9999980766634893 -0.001155500651495299 0.0012607486247299404 0.0011545661004171894 0.9999993493742576 0.0003516190697731292 -0.0012615259471359525 -0.0003496263312162129 0.9999994789433934 -0.013753795710130134 0.012811601139034678 0.03587471954237742
FixedParameters: 0 0 0
#Transform 93
Transform: MatrixOffsetTransformBase_double_3_3
Parameters: 0.999998974616449 -0.001058316478065353 0.001367355271287396 0.0010597194043794472 0.9999987623679317 -0.0009529071437932579 -0.0013661986639514415 0.0009549411798319973 0.9999984638681594 -0.015863635808443632 0.11105387465592287 -0.02753100476460446
FixedParameters: 0 0 0
#Transform 94
Transform: MatrixOffsetTransformBase_double_3_3
Parameters: 0.999998295663343 -0.001069004108099042 0.0012488729769344065 0.001068629267480789 0.9999996103647127 0.00012184341454191117 -0.001249208288386594 -0.00012048056383506811 0.9999986596616741 -0.005478043639072894 0.016989322920323957 0.0513288767695812
FixedParameters: 0 0 0
#Transform 95
Transform: MatrixOffsetTransformBase_double_3_3
Parameters: 0.9999981097918802 -0.0011370202652746467 0.0012644068607464004 0.0011368583695144565 0.9999995118313277 0.00004515182863390477 -0.0012644746678408744 -0.00004319721767270801 0.9999995915850264 -0.012711872995225804 0.04888272862855558 0.027003244756983236
FixedParameters: 0 0 0
#Transform 96
Transform: MatrixOffsetTransformBase_double_3_3
Parameters: 0.9999984677222633 -0.0011305517472951117 0.001105665786092093 0.001130701427581959 0.9999991280904406 -0.0006215433198406561 -0.0011050046392615184 0.000623183184364412 0.9999996293464386 -0.010868635974873087 0.11921717261263609 -0.022442467676938804
FixedParameters: 0 0 0
#Transform 97
Transform: MatrixOffsetTransformBase_double_3_3
Parameters: 0.9999983785997472 -0.0010809795752303002 0.001565383287186764 0.0010805598885756957 0.9999996228741795 0.0001261009750387898 -0.0015657382244506635 -0.000123638795489045 0.9999987292464652 -0.020474241939638205 0.023962021194989802 0.06008583228678788
FixedParameters: 0 0 0
#Transform 98
Transform: MatrixOffsetTransformBase_double_3_3
Parameters: 0.9999979896693575 -0.0010515278162096017 0.0017039632717404107 0.0010511130568814815 0.9999994979597745 0.0000994192357410828 -0.0017042228728327488 -0.00009767856182216206 0.9999984745230992 -0.034067104654170066 0.04822425301755118 0.03909304590046503
FixedParameters: 0 0 0
#Transform 99
Transform: MatrixOffsetTransformBase_double_3_3
Parameters: 0.9999980715183883 -0.0009855121401436129 0.001700805245594142 0.0009866094781465513 0.9999995258712421 -0.0010428794492135518 -0.0017002393010444941 0.0010445139245889856 0.99999849581929 -0.036175168804149394 0.1316322130685137 -0.023482232995938546
FixedParameters: 0 0 0
#Transform 100
Transform: MatrixOffsetTransformBase_double_3_3
Parameters: 0.9999971789840815 -0.0010824733134761726 0.0019100064723389792 0.0010824872251044542 0.9999994405918278 -0.00002314612726667109 -0.0019100062676467439 0.00002543879826680251 0.9999977394488682 -0.050064998946012906 0.0273112903343673 0.055783055957469685
FixedParameters: 0 0 0
#Transform 101
Transform: MatrixOffsetTransformBase_double_3_3
Parameters: 0.9999972901951275 -0.0010052977303788777 0.0019230269348282161 0.0010049743584394678 0.9999995986069772 0.0000645765812385124 -0.0019232071053855923 -0.00006255301129101665 0.999997685744149 -0.05369236782254916 0.04486206111018021 0.03994517806619058
FixedParameters: 0 0 0
#Transform 102
Transform: MatrixOffsetTransformBase_double_3_3
Parameters: 0.9999979183463523 -0.0009778590810745127 0.0017493694280152558 0.0009789682779230181 0.9999986579708438 -0.0010046091538380708 -0.0017489026018979933 0.0010066980505036571 0.9999983674555804 -0.05179217288240068 0.1258431821649424 -0.01600045328841304
FixedParameters: 0 0 0
#Transform 103
Transform: MatrixOffsetTransformBase_double_3_3
Parameters: 0.9999980698626556 -0.000716411731671196 0.001863588046371517 0.0007150899423865129 0.9999999533452595 0.00038697046944280444 -0.0018632201083030667 -0.0003861465356054805 0.9999977087796322 -0.06006484448032268 0.017617709173904927 0.0744377123554969
FixedParameters: 0 0 0
#Transform 104
Transform: MatrixOffsetTransformBase_double_3_3
Parameters: 0.9999972630417275 -0.0010095359133693773 0.0019278606399800863 0.0010088688278335374 0.9999995711884454 0.00015356226532445283 -0.0019282209111550624 -0.00015151311675831725 0.9999976475545714 -0.05231829911159025 0.02371149510723569 0.061645558130791756
FixedParameters: 0 0 0
#Transform 105
Transform: MatrixOffsetTransformBase_double_3_3
Parameters: 0.9999980996091584 -0.0008828616871775132 0.0017496787261611774 0.0008846782340653364 0.999999682522614 -0.0005827241803959549 -0.0017497055283600751 0.0005848960972167916 0.9999978512427351 -0.04026856936437184 0.09751014347281739 -0.018527566088316405
FixedParameters: 0 0 0
#Transform 106
Transform: MatrixOffsetTransformBase_double_3_3
Parameters: 0.9999979587173012 -0.0007604125488590956 0.0018706079216067664 0.0007597951545283785 0.999999871415271 0.0004648250909778384 -0.0018704781650846838 -0.00046349833233413906 0.9999985855929007 -0.05507684614464381 0.0061279908417617435 0.06040575729132769
FixedParameters: 0 0 0
#Transform 107
Transform: MatrixOffsetTransformBase_double_3_3
Parameters: 0.9999978468569226 -0.000808976201715857 0.0018797430429889003 0.0008083110522264601 0.9999999662100295 0.0004891642884495007 -0.0018797294454369132 -0.00048672048694650694 0.9999983361226337 -0.05558184002387634 0.02894178390593538 0.04110515834411643
FixedParameters: 0 0 0
#Transform 108
Transform: MatrixOffsetTransformBase_double_3_3
Parameters: 0.9999979348173605 -0.0007040592814239518 0.001886987926307225 0.0007044989396777362 0.9999996392547453 -0.0007018099531941879 -0.0018865258349565553 0.0007031325888334772 0.9999983272703548 -0.06053039491490608 0.11292017378734442 -0.01486116752785449
FixedParameters: 0 0 0
#Transform 109
Transform: MatrixOffsetTransformBase_double_3_3
Parameters: 0.9999976917228296 -0.0007360030462726479 0.0019500737032862314 0.0007352599296302671 0.999999895475435 0.00047815898622988184 -0.0019499408278290942 -0.00047680686715564913 0.9999982694501345 -0.08067813320066364 0.008430492070004902 0.04919619368707373
FixedParameters: 0 0 0
#Transform 110
Transform: MatrixOffsetTransformBase_double_3_3
Parameters: 0.9999976265079411 -0.0008953749969070283 0.0018997707069958805 0.0008950235028103385 0.9999995298897287 0.0003743324558029282 -0.0018995720317410147 -0.00037336872263848964 0.9999987438048463 -0.068332000067997 0.0584118925235515 0.03685711350367882
FixedParameters: 0 0 0
#Transform 111
Transform: MatrixOffsetTransformBase_double_3_3
Parameters: 0.9999975862798689 -0.0008718322856855771 0.0019181030510885475 0.0008730668470848749 0.9999995299419324 -0.0005908777189637393 -0.0019168188915941187 0.0005928275291145757 0.9999983075376212 -0.07435323302756558 0.11531459728527693 -0.0018199252225485907
FixedParameters: 0 0 0
#Transform 112
Transform: MatrixOffsetTransformBase_double_3_3
Parameters: 0.9999975186377842 -0.000992232973471223 0.002128155158882414 0.000991051790186992 0.9999993838797008 0.0005467856441991603 -0.002128519198753384 -0.0005440826635084439 0.9999974761212362 -0.07403001829929678 0.024215003526762757 0.0677407129394183
FixedParameters: 0 0 0
